------------------------------------
This graph has been generated with the following configuration:- N=30 and P=0.600
------------------------------------
0 1 1 1 1 0 1 1 1 1 1 1 0 0 0 0 0 1 0 1 1 1 1 1 1 0 0 0 1 0 
   0 1 1 1 1 0 1 1 1 1 1 1 0 0 0 0 0 1 0 1 1 1 1 1 1 0 0 0 1 
      0 1 1 1 1 0 1 1 1 1 1 1 0 0 0 0 0 1 0 1 1 1 1 1 1 0 0 0 
         0 1 1 1 1 0 1 1 1 1 1 1 0 0 0 0 0 1 0 1 1 1 1 1 1 0 0 
            0 1 1 0 0 0 0 1 1 1 1 1 0 0 0 1 1 1 0 0 1 1 0 1 1 0 
               0 0 1 1 0 0 0 0 1 1 1 1 1 0 0 0 1 1 1 0 0 1 1 0 1 
                  0 1 0 1 1 0 0 0 0 1 1 1 1 1 0 0 0 1 1 1 0 0 1 1 
                     0 0 1 0 1 1 0 0 0 0 1 1 1 1 1 0 0 0 1 1 1 0 0 
                        0 1 1 1 1 1 1 0 0 0 1 0 0 1 1 1 1 0 0 1 1 1 
                           0 1 0 1 1 1 1 1 1 0 0 0 1 0 0 1 1 1 1 0 0 
                              0 0 1 1 0 1 1 1 1 1 1 0 0 0 1 0 0 1 1 1 
                                 0 1 1 0 1 1 0 1 1 1 1 1 1 0 0 0 1 0 0 
                                    0 0 1 0 1 0 1 1 0 1 0 0 0 0 0 0 0 1 
                                       0 1 1 1 0 1 0 1 0 1 1 0 1 0 0 0 0 
                                          0 1 0 0 1 1 1 0 1 0 1 0 1 1 0 1 
                                             0 1 1 1 1 0 0 1 1 1 0 1 0 1 0 
                                                0 0 0 1 0 1 1 0 0 0 1 1 1 0 
                                                   0 0 0 0 1 0 0 1 0 1 1 0 0 
                                                      0 0 0 0 0 0 0 0 1 0 0 1 
                                                         0 1 1 0 1 0 0 0 0 0 0 
                                                            0 1 0 0 0 1 1 1 0 0 
                                                               0 0 1 1 1 0 1 0 0 
                                                                  0 0 1 1 0 0 0 1 
                                                                     0 0 1 0 0 1 0 
                                                                        0 1 1 1 0 1 
                                                                           0 0 1 1 1 
                                                                              0 1 1 0 
                                                                                 0 1 1 
                                                                                    0 0 
                                                                                       0 
